# config/intrinsics_bonn.yaml

width:  640
height: 480

# [fx, fy, cx, cy, k1,    k2,      p1,       p2,      k3]
calibration: [542.822841, 542.576870, 315.593520, 237.756098, 0.039903, -0.099343, -0.000730, -0.000144, 0.000000]